000001
000002
000003
000004
000005
000006
000007
000010
000011
000012
000013
000014
000032
000033
000034
000059
000060
000061
000062
000063
000064
000065
000066
000067
000068
000069
000070
000072
000073
000074
000075
000076
000077
000079
000080
000081
000082
000083
000084
000085
000086
000088
000089
000090
000091
000102
000103
000104
000105
000112
000113
000114
000115
000116
000117
000135
000136
000138
000139
000140
000141
000142
000163
000164
000165
000166
000167
000168
000170
000172
000173
000174
000175
000176
000177
000178
000179
000187
000188
000189
000190
000191
000193
000194
000195
000196
000197
000198
000200
000201
000202
000203
000204
000205
000206
000213
000214
000215
000216
000217
000223
000224
000225
000226
000228
000229
000244
000245
000246
000247
000248
000249
000250
000267
000268
000269
000270
000271
000288
000289
000290
000291
000292
000293
000294
000300
000301
000303
000304
000325
000326
000327
000328
000329
000330
000331
000336
000337
000338
000339
000340
000341
000342
000376
000378
000388
000389
000390
000391
000392
000415
000416
000417
000418
000419
000420
000440
000441
000442
000443
000446
000447
000448
000449
000458
000459
000460
000461
000462
000463
000465
000466
000467
000476
000477
000478
000479
000480
000481
000489
000490
000491
000492
000493
000494
000495
000498
000499
000500
000501
000502
000503
000504
000513
000514
000515
000516
000517
000530
000531
000547
000548
000549
000550
000551
000552
000555
000556
000557
000558
000559
000560
000561
000564
000565
000566
000567
000568
000583
000584
000585
000586
000587
000588
000599
000600
000601
000602
000603
000604
000606
000607
000608
000610
000611
000626
000627
000628
000629
000630
000639
000641
000642
000643
000644
000669
000670
000671
000673
000681
000682
000683
000684
000685
000688
000689
000690
000691
000692
000693
000701
000703
000704
000705
000706
000723
000724
000726
000727
000732
000733
000734
000742
000743
000744
000745
000746
000747
000748
000749
000758
000759
000760
000761
000762
000763
000773
000774
000775
000776
000777
000778
000790
000791
000792
000793
000794
000818
000822
000823
000824
000825
000863
000864
000865
000866
000867
000892
000893
000894
000895
000896
000902
000903
000904
000905
000906
000921
000922
000923
000925
000926
000927
000928
000929
000944
000945
000946
000948
000949
000950
000951
000952
000961
000962
000963
000964
000965
000966
000967
000968
000969
000970
000971
000973
000974
000975
000998
000999
001000
001001
001002
001003
001004
001005
001006
001026
001027
001028
001029
001030
001031
001032
001033
001034
001039
001041
001042
001043
001044
001085
001086
001087
001088
001089
001090
001091
001092
001123
001124
001125
001126
001127
001129
001130
001131
001133
001138
001139
001140
001141
001142
001143
001144
001145
001147
001148
001155
001156
001157
001158
001159
001181
001182
001183
001184
001203
001204
001205
001206
001207
001210
001211
001212
001213
001214
001215
001216
001217
001218
001219
001220
001221
001222
001223
001224
001225
001226
001227
001228
001257
001258
001260
001261
001266
001267
001268
001269
001282
001283
001284
001285
001286
001287
001293
001294
001295
001297
001299
001300
001301
001302
001303
001304
001305
001306
001307
001308
001309
001325
001326
001327
001328
001329
001330
001332
001333
001334
001335
001336
001337
001338
001339
001340
001365
001366
001367
001368
001369
001371
001372
001373
001374
001382
001383
001384
001385
001392
001393
001394
001395
001396
001397
001398
001399
001400
001401
001402
001403
001449
001450
001451
001452
001453
001458
001459
001460
001461
001462
001463
001464
001470
001471
001472
001473
001474
001475
001476
001505
001506
001507
001508
001509
001510
001511
001512
001513
001515
001516
001517
001519
001520
001521
001525
001527
001528
001529
001530
001567
001568
001570
001572
001573
001574
001575
001576
001634
001635
001636
001637
001638
001639
001640
001642
001653
001654
001655
001656
001661
001663
001664
001665
001666
001667
001668
001687
001688
001689
001690
001691
001692
001693
001694
001710
001711
001712
001713
001714
001735
001736
001737
001738
001739
001741
001742
001743
001744
001745
001755
001756
001757
001758
001759
001787
001788
001789
001790
001791
001800
001801
001802
001803
001829
001831
001832
001833
001834
001835
001836
001837
001839
001841
001842
001843
001844
001845
001877
001878
001879
001880
001881
001888
001889
001890
001892
001911
001912
001913
001914
001915
001916
001917
001918
001919
001921
001922
001923
001924
001925
001927
001928
001929
001930
001931
001949
001950
001951
001952
001954
001976
001977
001978
001979
001980
001981
001982
001983
001996
001997
001998
001999
002000
002016
002017
002042
002043
002044
002045
002046
002047
002061
002063
002064
002065
002066
002067
002073
002074
002075
002076
002077
002078
002079
002080
002081
002092
002093
002094
002095
002096
002097
002098
002099
002100
002101
002113
002114
002115
002116
002117
002118
002119
002121
002140
002141
002142
002143
002144
002147
002148
002149
002150
002151
002152
002153
002154
002193
002194
002195
002196
002197
002198
002204
002205
002206
002207
002208
002209
002210
002211
002223
002224
002225
002226
002227
002233
002234
002235
002264
002265
002266
002267
002269
002270
002271
002272
002273
002285
002286
002287
002288
002289
002290
002291
002292
002293
002295
002296
002297
002298
002299
002300
002301
002303
002304
002305
002318
002319
002320
002321
002322
002352
002353
002354
002355
002359
002360
002361
002362
002363
002365
002367
002368
002369
002371
002372
002374
002375
002376
002377
002378
002379
002380
002381
002382
002383
002384
002386
002387
002405
002406
002407
002408
002409
002421
002422
002423
002426
002450
002451
002452
002453
002454
002483
002484
002485
002486
002487
002488
002492
002493
002494
002496
002502
002503
002504
002505
002511
002514
002519
002520
002521
002522
002540
002541
002542
002543
002544
002548
002550
002551
002552
002553
002554
002593
002594
002595
002596
002597
002641
002643
002644
002645
002646
002659
002661
002662
002666
002667
002668
002669
002670
002671
002672
002674
002675
002676
002677
002678
002679
002680
002685
002686
002687
002688
002690
002691
002692
002693
002694
002695
002696
002697
002698
002699
002700
002701
002703
002704
002705
002706
002707
002708
002709
002710
002711
002712
002713
002753
002754
002755
002756
002757
002758
002760
002761
002762
002763
002764
002765
002767
002769
002770
002771
002772
002773
002774
002808
002809
002810
002811
002812
002822
002823
002824
002825
002832
002834
002835
002837
002838
002839
002840
002841
002842
002843
002852
002853
002854
002855
002856
002857
002858
002870
002871
002872
002873
002874
002875
002876
002877
002878
002891
002892
002893
002894
002900
002901
002902
002904
002905
002906
002907
002908
002910
002911
002913
002914
002915
002916
002917
002939
002940
002941
002943
002944
002949
002951
002952
002953
002954
002955
002956
002957
002958
002959
002972
002973
002974
002975
002976
002977
002978
002979
002980
002994
002995
002996
002997
003000
003001
003002
003003
003004
003010
003011
003012
003013
003014
003015
003019
003020
003021
003022
003024
003027
003028
003029
003030
003031
003046
003047
003048
003049
003054
003055
003056
003057
003058
003066
003067
003068
003069
003089
003091
003092
003093
003098
003099
003100
003101
003102
003103
003105
003106
003107
003108
003109
003110
003117
003118
003119
003120
003121
003122
003123
003124
003126
003128
003129
003130
003131
003132
003201
003202
003203
003204
003206
003210
003211
003212
003213
003214
003215
003216
003217
003218
003219
003232
003233
003234
003235
003244
003245
003246
003247
003248
003249
003250
003251
003253
003254
003255
003256
003257
003259
003260
003261
003262
003263
003266
003267
003268
003269
003279
003280
003281
003282
003283
003284
003285
003325
003326
003327
003328
003329
003379
003380
003381
003382
003383
003384
003402
003403
003404
003405
003406
003407
003419
003420
003421
003422
003423
003424
003438
003439
003440
003441
003461
003462
003463
003464
003465
003466
003467
003468
003469
003470
003492
003493
003495
003496
003497
003498
003499
003500
003501
003502
003503
003504
003505
003518
003519
003520
003521
003523
003581
003582
003583
003584
003585
003589
003590
003591
003592
003593
003597
003598
003599
003600
003601
003602
003603
003618
003619
003620
003621
003622
003623
003624
003625
003626
003627
003629
003630
003631
003632
003633
003634
003635
003636
003637
003649
003651
003653
003654
003656
003657
003659
003660
003661
003662
003672
003673
003674
003676
003694
003695
003696
003697
003698
003699
003705
003706
003707
003708
003709
003710
003711
003712
003713
003718
003719
003720
003721
003722
003765
003766
003767
003768
003769
003770
003771
003772
003773
003784
003785
003786
003787
003788
003789
003800
003802
003804
003805
003806
003808
003809
003810
003811
003812
003813
003814
003815
003816
003820
003821
003822
003823
003824
003825
003826
003827
003828
003829
003830
003833
003834
003835
003836
003837
003843
003844
003845
003846
003847
003865
003866
003867
003868
003881
003882
003883
003884
003885
003886
003887
003896
003897
003898
003899
003900
003910
003911
003912
003914
003915
003916
003917
003920
003921
003922
003923
003924
003925
003926
003927
003928
003952
003953
003954
003955
003956
003957
003958
003959
003960
003961
003962
003963
003964
003965
003976
003977
003978
003979
003980
003981
003982
003983
003984
003985
003995
003996
003997
003998
003999
004006
004007
004008
004009
004010
004026
004027
004028
004029
004030
004042
004043
004044
004045
004047
004075
004076
004077
004078
004080
004081
004082
004083
004084
004105
004106
004107
004109
004110
004111
004112
004113
004114
004115
004116
004118
004119
004120
004121
004123
004124
004125
004200
004201
004202
004203
004204
004205
004206
004207
004208
004212
004213
004214
004215
004216
004217
004239
004240
004241
004242
004243
004244
004246
004247
004249
004250
004251
004252
004253
004286
004287
004288
004289
004291
004292
004293
004303
004304
004305
004306
004307
004309
004310
004311
004312
004313
004328
004329
004330
004331
004332
004336
004337
004338
004339
004340
004341
004355
004356
004357
004358
004359
004360
004367
004369
004370
004371
004395
004396
004397
004398
004399
004402
004404
004405
004406
004407
004408
004409
004410
004411
004429
004430
004431
004432
004433
004434
004435
004453
004454
004455
004456
004457
004472
004473
004474
004476
004477
004478
004479
004480
004481
004482
004483
004484
004486
004487
004488
004490
004491
004500
004501
004503
004504
004505
004506
004507
004508
004511
004513
004514
004515
004517
004518
004519
004520
004521
004522
004523
004524
004525
004526
004527
004528
004529
004530
004531
004533
004534
004535
004536
004537
004538
004539
004540
004541
004542
004558
004559
004560
004561
004562
004579
004580
004581
004582
004583
004584
004585
004586
004587
004589
004606
004607
004608
004609
004610
004611
004612
004613
004614
004615
004623
004624
004625
004626
004702
004705
004706
004707
004708
004710
004711
004744
004746
004759
004760
004761
004762
004764
004765
004766
004767
004768
004770
004771
004772
004773
004774
004779
004780
004781
004782
004783
004784
004793
004795
004796
004797
004798
004799
004800
004815
004816
004817
004818
004819
004822
004823
004824
004840
004841
004843
004844
004870
004871
004872
004873
004874
004892
004893
004894
004895
004896
004923
004924
004926
004927
004929
004942
004943
004944
004968
004969
004977
004978
004979
004980
004981
004997
004998
004999
005000
005001
005002
005003
005004
005005
005012
005013
005014
005015
005016
005019
005020
005021
005022
005023
005024
005025
005043
005044
005045
005046
005047
005048
005049
005050
005051
005064
005065
005067
005068
005104
005106
005107
005108
005109
005110
005111
005112
005113
005114
005115
005116
005117
005118
005119
005120
005121
005122
005123
005137
005138
005139
005140
005141
005155
005156
005157
005158
005159
005161
005162
005163
005164
005165
005167
005168
005169
005170
005171
005184
005185
005186
005188
005205
005206
005207
005208
005230
005231
005232
005233
005236
005238
005270
005271
005273
005274
005275
005276
005277
005278
005279
005280
005281
005285
005286
005287
005288
005289
005290
005293
005294
005295
005297
005298
005299
005300
005301
005302
005303
005304
005318
005319
005320
005322
005323
005338
005339
005340
005341
005350
005351
005352
005353
005354
005356
005357
005358
005359
005385
005386
005387
005388
005389
005393
005394
005395
005396
005397
005398
005399
005401
005403
005404
005405
005406
005407
005408
005409
005410
005411
005412
005413
005414
005415
005460
005461
005463
005470
005471
005472
005473
005474
005495
005496
005497
005498
005499
005501
005502
005503
005504
005508
005509
005510
005511
005518
005519
005520
005521
005522
005548
005549
005551
005552
005555
005556
005557
005558
005560
005561
005562
005563
005564
005568
005569
005570
005571
005572
005573
005574
005575
005576
005581
005582
005583
005584
005585
005587
005588
005589
005590
005600
005601
005602
005603
005604
005608
005609
005610
005611
005630
005631
005632
005633
005634
005635
005650
005651
005652
005653
005654
005655
005656
005657
005658
005660
005661
005662
005664
005672
005673
005674
005675
005676
005677
005678
005679
005680
005694
005695
005696
005697
005721
005722
005723
005724
005725
005763
005764
005765
005766
005780
005782
005783
005784
005785
005786
005787
005790
005791
005793
005794
005796
005797
005798
005799
005800
005801
005802
005803
005804
005808
005809
005810
005811
005845
005846
005847
005848
005849
005869
005870
005871
005872
005873
005874
005878
005879
005880
005881
005883
005884
005885
005886
005888
005889
005890
005891
005892
005893
005898
005899
005900
005901
005902
005904
005905
005906
005907
005909
005910
005918
005919
005920
005921
005924
005925
005926
005927
005928
005929
005930
005932
005933
005934
005946
005947
005948
005949
005950
005951
005952
005953
005958
005959
005960
005961
005962
005963
005964
005965
005967
005968
005970
005971
005972
005974
005975
005978
005980
005981
005982
005984
005985
005998
005999
006000
006001
006002
006052
006053
006054
006055
006057
006067
006068
006069
006070
006072
006073
006074
006075
006076
006098
006099
006100
006102
006103
006104
006105
006106
006108
006109
006121
006122
006124
006125
006161
006162
006163
006164
006165
006190
006191
006193
006237
006238
006239
006240
006241
006243
006244
006245
006246
006248
006249
006250
006252
006258
006261
006262
006263
006264
006265
006266
006267
006273
006275
006276
006277
006278
006279
006280
006281
006289
006290
006291
006292
006293
006296
006297
006298
006299
006330
006331
006332
006333
006334
006335
006343
006344
006345
006346
006348
006349
006350
006351
006352
006353
006354
006355
006359
006360
006361
006362
006363
006364
006372
006373
006374
006375
006376
006395
006396
006397
006398
006399
006413
006414
006415
006416
006417
006418
006419
006422
006423
006424
006425
006426
006437
006438
006439
006440
006441
006442
006443
006444
006445
006446
006447
006449
006456
006457
006458
006459
006466
006467
006469
006470
006477
006478
006479
006480
006481
006482
006483
006484
006485
006486
006487
006489
006507
006508
006509
006510
006511
006512
006567
006568
006569
006570
006581
006582
006583
006601
006602
006604
006606
006607
006637
006639
006640
006641
006642
006643
006644
006645
006650
006651
006652
006653
006654
006659
006660
006661
006663
006664
006666
006667
006669
006670
006672
006673
006674
006697
006698
006699
006700
006706
006707
006708
006709
006710
006724
006725
006726
006727
006728
006738
006739
006740
006741
006742
006760
006761
006762
006763
006764
006765
006766
006767
006768
006769
006770
006776
006777
006778
006779
006780
006781
006782
006783
006835
006836
006837
006838
006839
006848
006849
006850
006851
006853
006863
006864
006865
006867
006868
006869
006870
006872
006873
006874
006875
006876
006881
006882
006883
006884
006885
006886
006887
006904
006905
006906
006907
006908
006909
006910
006911
006912
006913
006914
006915
006917
006921
006922
006923
006924
006925
006928
006929
006930
006931
006932
006933
006934
006935
006943
006944
006945
006946
006947
006966
006967
006968
006997
006998
007001
007002
007051
007052
007053
007054
007084
007085
007087
007089
007090
007091
007092
007093
007094
007095
007096
007097
007098
007108
007109
007110
007111
007112
007113
007114
007115
007116
007117
007118
007136
007137
007138
007139
007140
007141
007149
007150
007151
007152
007153
007154
007155
007164
007165
007166
007167
007227
007228
007229
007230
007231
007232
007233
007234
007235
007236
007237
007238
007239
007240
007241
007242
007243
007253
007254
007255
007256
007258
007259
007260
007261
007263
007264
007265
007266
007267
007288
007289
007290
007291
007297
007298
007299
007301
007302
007303
007304
007305
007306
007307
007310
007313
007314
007315
007316
007317
007320
007321
007322
007323
007324
007325
007326
007332
007333
007334
007335
007336
007338
007339
007340
007341
007342
007343
007344
007345
007346
007347
007348
007349
007350
007351
007352
007353
007354
007355
007356
007357
007358
007378
007379
007380
007381
007417
007418
007419
007420
007421
007428
007429
007430
007431
007455
007456
007457
007458
007462
007463
007464
007473
007474
007475
007476
007477
007478
007479
007480
007494
007495
007496
007499
007500
007501
007503
007504
007509
007510
007511
007512
007513
007514
007515
007525
007526
007528
007529
007530
007532
007533
007534
007535
007540
007541
007542
007575
007576
007577
007578
007579
007601
007602
007603
007649
007651
007652
007653
007654
007657
007659
007660
007661
007662
007688
007689
007690
007691
007692
007693
007709
007710
007711
007712
007713
007714
007715
007716
007717
007729
007730
007731
007732
007733
007737
007738
007739
007740
007741
007742
007743
007744
007754
007755
007756
007757
007813
007814
007815
007816
007817
007818
007819
007836
007838
007839
007868
007869
007870
007871
007872
007884
007885
007886
007887
007888
007896
007897
007898
007899
007900
007902
007903
007904
007905
007910
007911
007912
007913
007914
007915
007919
007920
007921
007922
007924
007943
007944
007945
007947
007948
007949
007950
007951
007952
007953
007954
007957
007958
007959
007960
007961
007962
007963
007964
007965
007966
007971
007972
007973
007974
007975
007977
007978
007979
007980
007984
007985
007986
007987
007988
007989
008000
008001
008003
008004
008005
008007
008008
008009
008010
008011
008013
008014
008016
008017
008018
008019
008020
008059
008060
008061
008062
008063
008064
008065
008066
008068
008069
008070
008071
008072
008073
008117
008118
008119
008120
008121
008122
008128
008129
008130
008132
008133
008134
008135
008136
008137
008138
008139
008140
008141
008142
008143
008144
008150
008151
008152
008153
008168
008169
008171
008172
008174
008175
008176
008177
008178
008179
008186
008187
008188
008189
008192
008193
008194
008195
008197
008198
008199
008200
008203
008204
008205
008208
008209
008210
008211
008212
008213
008214
008222
008223
008224
008250
008251
008252
008253
008255
008256
008257
008259
008260
008312
008313
008314
008318
008319
008320
008321
008322
008328
008329
008331
008332
008333
008334
008339
008340
008341
008342
008353
008354
008355
008356
008368
008369
008370
008371
008372
008373
008375
008376
008380
008381
008382
008383
008384
008390
008391
008394
008395
008396
008398
008444
008445
008446
008447
008448
008466
008467
008468
008480
008481
008482
008483
008488
008489
008490
008497
008499
008500
008507
008508
008509
008510
008511
008512
008514
008515
008516
008517
008518
008533
008534
008535
008536
008537
008538
008556
008557
008559
008562
008563
008564
008565
008567
008568
008569
008570
008571
008582
008583
008584
008585
008586
008587
008599
008600
008601
008602
008603
008604
008631
008633
008634
008635
008636
008638
008640
008643
008645
008646
008647
008654
008655
008656
008657
008658
008667
008668
008669
008670
008671
008672
008673
008705
008706
008707
008708
008709
008710
008711
008712
008714
008724
008725
008726
008727
008734
008735
008736
008737
008738
008739
008767
008768
008769
008770
008771
008772
008773
008775
008776
008777
008778
008779
008780
008795
008796
008797
008798
008799
008801
008802
008803
008804
008805
008820
008821
008822
008823
008824
008836
008837
008838
008839
008840
008841
008852
008853
008855
008856
008857
008860
008861
008862
008863
008864
008865
008869
008870
008871
008872
008873
008874
008881
008882
008883
008884
008885
008886
008887
008901
008902
008903
008904
008905
008906
008907
008908
008910
008911
008912
008913
008914
008930
008931
008932
008933
008934
008935
008936
008937
008998
009001
009002
009003
009009
009010
009011
009012
009013
009021
009023
009024
009025
009037
009038
009039
009040
009052
009053
009054
009055
009056
009070
009071
009072
009073
009074
009075
009081
009082
009085
009094
009095
009096
009097
009098
009102
009103
009104
009105
009106
009107
009108
009109
009110
009111
009114
009116
009117
009118
009119
009125
009126
009127
009128
009130
009132
009133
009135
009136
009137
009138
009139
009140
009154
009155
009156
009157
009158
009159
009160
009161
009189
009190
009191
009192
009193
009210
009211
009212
009213
009214
009215
009216
009231
009232
009233
009234
009235
009254
009255
009256
009257
009258
009270
009271
009272
009273
009279
009280
009281
009282
009283
009285
009286
009287
009288
009289
009290
009292
009293
009295
009333
009334
009335
009336
009338
009340
009341
009343
009344
009345
009346
009400
009401
009402
009403
009404
009406
009407
009408
009412
009413
009414
009415
009416
009417
009418
009419
009420
009435
009436
009439
009440
009441
009442
009451
009452
009453
009454
009455
009456
009457
009458
009459
009460
009461
009462
009463
009464
009465
009467
009468
009480
009481
009482
009483
009484
009493
009494
009495
009496
009497
009499
009500
009501
009502
009503
009504
009506
009507
009517
009518
009519
009520
009528
009530
009531
009532
009540
009541
009543
009544
009547
009548
009549
009550
009551
009552
009555
009557
009559
009560
009561
009562
009564
009594
009595
009596
009597
009599
009600
009618
009619
009620
009621
009622
009623
009624
009625
009626
009627
009628
009629
009630
009631
009632
009641
009642
009643
009644
009645
009646
009673
009674
009676
009677
009678
009689
009690
009691
009692
009693
009694
009695
009696
009698
009709
009710
009711
009712
009713
009714
009715
009723
009724
009725
009726
009727
009738
009739
009740
009741
009742
009743
009759
009760
009763
009764
009765
009766
009768
009769
009770
009771
009772
009803
009804
009805
009807
009819
009820
009821
009822
009831
009832
009833
009834
009835
009836
009856
009857
009858
009859
009860
009861
009906
009907
009908
009909
009911
009914
009915
009916
009917
009918
009919
009920
009921
009922
009932
009933
009934
009935
009936
009941
009942
009943
009944
009945
009946
009947
009948
009950
009951
009952
009953
009954
009955
009956
009983
009984
009985
009986
009987
009996
009999
010000
010006
010008
010009
010010
010011
010012
010013
010014
010016
010017
010019
010020
010021
010042
010044
010045
010047
010057
010058
010059
010060
010061
010062
010063
010065
010066
010067
010069
010070
010071
010073
010074
010075
010076
010077
010079
010083
010084
010085
010086
010087
010088
010090
010091
010093
010094
010105
010106
010107
010108
010109
010143
010144
010145
010146
010147
010148
010152
010153
010154
010155
010156
010158
010166
010167
010168
010170
010171
010204
010206
010207
010208
010209
010210
010211
010212
010213
010215
010216
010217
010218
010219
010233
010234
010235
010236
010237
010238
010239
010240
010241
010242
010243
010244
010245
010246
010247
010248
010250
010251
010264
010265
010266
010267
010268
010269
010270
010301
010302
010303
010305
010315
010316
010317
010318
010319
010326
010327
010328
010330
010334
010335
010336
010337
010338
010339
010340
010341
010343
010344
010345
010346
010347
010348
010350
010351
010352
010353
010354
010355
010361
010362
010364
010365
010366
010380
010381
010383
010384
010385
010386
010441
010442
010443
010444
010451
010452
010453
010454
010456
010457
010458
010459
010460
010462
010463
010464
010465
010466
010497
010498
010499
010500
010501
010502
010503
010505
010507
010508
010521
010522
010523
010524
010525
010526
010546
010547
010548
010549
010551
010552
010565
010566
010567
010599
010600
010601
010602
010624
010625
010627
010628
010636
010637
010638
010639
010640
010641
010668
010669
010670
010671
010672
010675
010676
010678
010680
010685
010686
010687
010688
010689
010716
010719
010720
010725
010726
010727
010729
010754
010755
010757
010758
010789
010790
010791
010793
010810
010811
010812
010813
010814
010815
010816
010817
010827
010828
010829
010830
010831
010832
010844
010845
010846
010848
010858
010859
010860
010861
010862
010863
010884
010885
010886
010887
010910
010911
010912
010913
010914
010915
010921
010922
010923
010924
010930
010931
010932
010933
010934
010935
010936
010937
010938
010951
010952
010953
010954
010961
010962
010963
010965
010966
010967
010993
010994
010995
010996
010997
010998
011012
011013
011014
011015
011037
011038
011039
011040
011062
011063
011064
011066
011067
011069
011070
011077
011078
011079
011080
011081
011103
011104
011105
011106
011117
011118
011119
011120
011121
011149
011150
011152
011153
011161
011162
011163
011165
011166
011176
011177
011178
011179
011196
011197
011199
011200
011201
011202
011203
011204
011205
011206
011207
011208
011213
011214
011215
011216
011217
011228
011229
011230
011231
011232
011233
011245
011247
011248
011251
011252
011253
011254
011255
011271
011272
011273
011274
011275
011276
011277
011278
011279
011306
011307
011308
011309
011310
011346
011347
011348
011350
011351
011352
011354
011355
011362
011363
011364
011365
011366
011394
011395
011396
011397
011398
011400
011401
011402
011403
011404
011405
011406
011407
011408
011409
011411
011412
011413
011414
011420
011421
011422
011423
011432
011433
011434
011435
011437
011438
011439
011440
011441
011443
011444
011445
011446
011447
011448
011449
011490
011491
011492
011493
011494
011495
011496
011498
011499
011500
011501
011517
011518
011520
011521
011536
011537
011538
011539
011540
011541
011549
011550
011551
011553
011554
011555
011556
011557
011558
011579
011580
011581
011582
011611
011612
011613
011615
011617
011618
011636
011637
011639
011640
011641
011642
011643
011655
011657
011658
011659
011663
011664
011665
011667
011668
011669
011670
011693
011694
011695
011696
011697
011698
011711
011712
011713
011714
011715
011729
011730
011731
011732
011733
011734
011735
011736
011737
011738
011740
011745
011746
011747
011748
011749
011750
011756
011757
011759
011761
011764
011765
011766
011768
011784
011785
011786
011787
011788
011798
011800
011801
011802
011803
011888
011889
011890
011891
011899
011900
011901
011902
011903
011904
011951
011952
011953
011954
011955
011985
011986
011987
011989
011991
011992
011993
011994
011995
012001
012002
012003
012004
012005
012012
012013
012015
012016
012017
012034
012035
012036
012069
012071
012072
012103
012105
012106
012113
012114
012115
012117
012118
012119
012134
012135
012136
012137
012138
012171
012172
012174
012175
012176
012183
012184
012185
012186
012187
012188
012228
012229
012230
012231
012233
012236
012237
012238
012239
012240
012241
012243
012244
012245
012246
012247
012276
012277
012279
012315
012316
012317
012318
012319
012346
012347
012348
012349
012350
012367
012368
012369
012370
012371
012372
012373
012374
012455
012456
012457
012458
012459
012460
012504
012505
012506
012507
012508
012516
012517
012518
012521
012534
012535
012536
012537
012538
012539
012540
012571
012572
012573
012574
012575
012576
012577
012578
012640
012641
012642
012643
012645
012646
012647
012648
012649
012650
012660
012661
012662
012663
012664
012682
012683
012684
012685
012782
012783
012784
012785
012786
012787
012788
012789
012801
012802
012803
012804
012805
012831
012832
012833
012834
012835
012876
012877
012878
012879
012891
012893
012894
012895
012962
012963
012965
012966
012967
012999
013000
013001
013002
013003
013005
013009
013010
013011
013073
013074
013075
013076
013077
013078
013079
013110
013111
013113
013114
013216
013217
013218
013219
013220
013232
013233
013234
013235
013240
013241
013242
013243
013244
013277
013278
013279
013281
013284
013285
013288
013289
013290
013291
013292
013293
013294
013329
013330
013331
013332
013333
013341
013342
013343
013344
013345
013363
013364
013365
013366
013367
013510
013511
013512
013513
013514
013515
013520
013521
013522
013523
013524
013525
013527
013528
013529
013618
013619
013620
013621
013646
013647
013648
013649
013650
013651
013694
013695
013696
013697
013699
013700
013701
013702
013703
013704
013705
013706
013707
013708
013709
013727
013728
013729
013730
013731
013732
013756
013757
013760
013761
013779
013780
013781
013782
013783
013826
013827
013828
013829
013831
013832
013833
013834
013835
013836
013837
013838
013839
013840
013890
013891
013892
013893
013894
013895
013938
013939
013940
013941
013942
013943
014016
014017
014019
014020
014021
014027
014028
014029
014030
014101
014102
014103
014104
014105
014121
014122
014123
014124
014126
014127
014138
014139
014140
014141
014142
014143
014164
014165
014166
014167
014168
014169
014225
014227
014228
014229
014230
014231
014232
014233
014235
014236
014237
014238
014262
014263
014264
014265
014266
014267
014271
014272
014273
014274
014275
014342
014343
014344
014352
014353
014354
014355
014356
014361
014362
014363
014364
014365
014451
014460
014461
014462
014464
014465
014466
014477
014478
014479
014493
014494
014495
014496
014497
014498
014499
014501
014511
014512
014513
014515
014516
014522
014524
014525
014559
014561
014562
014563
014564
014575
014576
014577
014578
014579
014587
014589
014590
014677
014678
014679
014680
014681
014699
014700
014702
014704
014705
014706
014708
014712
014713
014714
014715
014716
014717
014718
014745
014746
014747
014748
014766
014767
014768
014769
014770
014771
014772
014781
014782
014783
014784
014786
014985
014986
014987
014988
014989
014990
015023
015024
015025
015026
015027
015052
015053
015054
015055
015075
015076
015077
015078
015079
015080
015086
015087
015088
015089
015090
015163
015164
015165
015166
015167
015168
015169
015170
015189
015190
015191
015192
015193
015194
015195
015196
015197
015198
015199
015200
015208
015209
015211
015212
015213
015223
015224
015225
015226
015227
015230
015231
015232
015233
015279
015280
015281
015282
015284
015293
015294
015295
015296
015297
015300
015301
015302
015303
015311
015312
015313
015314
015315
015324
015325
015326
015327
015328
015329
015331
015332
015333
015334
015351
015352
015353
015354
015355
015362
015363
015365
015366
015435
015436
015437
015438
015439
015440
015441
015465
015466
015468
015469
015470
015471
015510
015511
015512
015513
015533
015535
015536
015537
015538
015539
015544
015545
015546
015547
015548
015549
015550
015555
015556
015559
015561
015579
015580
015581
015582
015590
015591
015592
015593
015595
015596
015597
015611
015614
015615
015622
015623
015624
015625
015626
015627
015628
015630
015631
015636
015637
015638
015639
015640
015641
015642
015644
015686
015703
015704
015705
015706
015707
015708
015709
015710
015711
015740
015741
015742
015743
015744
015749
015750
015752
015773
015774
015775
015776
015777
015778
015779
015784
015785
015786
015787
015788
015789
015811
015812
015813
015814
015815
015834
015835
015836
015837
015840
015841
015842
015843
015844
015845
015846
015847
015866
015867
015868
015869
015870
015871
015905
015906
015907
015908
015909
015910
015911
015984
015985
015986
015987
015988
015989
015991
015992
015993
015994
015995
016033
016034
016035
016036
016037
016049
016050
016051
016052
016053